0.000000 11.330021 18.209484
0.010000 11.338292 18.854828
0.020000 11.390061 19.064917
0.030000 11.387113 18.910135
0.040000 11.394584 17.967484
0.050000 11.410935 17.937702
0.060000 11.471082 18.000410
0.070000 11.495739 18.684765
0.080000 11.575365 18.476200
0.090000 11.607121 18.015278
0.100000 11.691401 18.509645
0.110000 11.705217 18.026854
0.120000 11.790219 17.319595
0.130000 11.837560 17.550428
0.140000 11.905116 17.484650
0.150000 11.910722 17.401453
0.160000 12.005136 17.353241
0.170000 12.057386 16.733423
0.180000 12.118982 16.887243
0.190000 12.198780 16.732935
0.200000 12.248199 17.214190
0.210000 12.326925 16.680098
0.220000 12.383759 17.249397
0.230000 12.429702 16.735664
0.240000 12.495925 16.703882
0.250000 12.554521 16.583893
0.260000 12.615325 16.382868
0.270000 12.718609 16.738411
0.280000 12.763866 16.569447
0.290000 12.803703 16.415487
0.300000 12.853138 16.171574
0.310000 12.934526 16.425817
0.320000 12.990850 16.303623
0.330000 13.061765 16.498276
0.340000 13.105344 16.540438
0.350000 13.168049 16.324490
0.360000 13.222509 16.335112
0.370000 13.277678 16.282930
0.380000 13.338467 16.264559
0.390000 13.369762 16.454182
0.400000 13.430454 16.133255
0.410000 13.498151 16.443296
0.420000 13.543255 16.384483
0.430000 13.593173 16.326845
0.440000 13.648193 16.073105
0.450000 13.686201 16.279495
0.460000 13.737963 16.252235
0.470000 13.788314 16.248346
0.480000 13.842286 16.239109
0.490000 13.886576 16.430256
0.500000 13.927657 16.271898
0.510000 13.974578 16.315821
0.520000 14.016580 16.263353
0.530000 14.051784 16.310934
0.540000 14.090022 16.354406
0.550000 14.132320 16.344137
0.560000 14.171305 16.361067
0.570000 14.206482 16.385317
0.580000 14.239198 16.373056
0.590000 14.278320 16.360851
0.600000 14.308741 16.380278
0.610000 14.343817 16.432302
0.620000 14.376839 16.403532
0.630000 14.408192 16.408197
0.640000 14.440646 16.390474
0.650000 14.474447 16.408649
0.660000 14.508212 16.418800
0.670000 14.536626 16.433573
0.680000 14.567336 16.443672
0.690000 14.595218 16.434885
0.700000 14.623807 16.451902
0.710000 14.651868 16.426861
0.720000 14.677810 16.457823
0.730000 14.706251 16.469690
0.740000 14.734171 16.474281
0.750000 14.760146 16.475679
0.760000 14.786710 16.481905
0.770000 14.813092 16.499283
0.780000 14.839522 16.504627
0.790000 14.864826 16.511391
0.800000 14.890311 16.515692
0.810000 14.914748 16.534494
0.820000 14.939193 16.533245
0.830000 14.963681 16.550463
0.840000 14.988072 16.556229
0.850000 15.013061 16.562048
0.860000 15.035894 16.572641
0.870000 15.059484 16.586575
0.880000 15.083138 16.590435
0.890000 15.105293 16.598392
0.900000 15.128036 16.610533
0.910000 15.150395 16.617386
0.920000 15.172489 16.628460
0.930000 15.195479 16.636765
0.940000 15.217297 16.646868
0.950000 15.239270 16.655775
0.960000 15.261029 16.665495
0.970000 15.283043 16.673588
0.980000 15.304192 16.681974
0.990000 15.325006 16.690807
1.000000 15.346161 16.697441
1.010000 15.366208 16.705011
1.020000 15.384626 16.711901
1.030000 15.402738 16.720554
1.040000 15.420671 16.729090
1.050000 15.438432 16.737730
1.060000 15.456032 16.746376
1.070000 15.473453 16.755070
1.080000 15.490684 16.763721
1.090000 15.507720 16.772331
1.100000 15.524566 16.780910
1.110000 15.541184 16.789562
1.120000 15.557631 16.798122
1.130000 15.573835 16.806637
1.140000 15.589828 16.815102
1.150000 15.605598 16.823374
1.160000 15.621128 16.831802
1.170000 15.636444 16.839977
1.180000 15.651515 16.848171
1.190000 15.666352 16.856157
1.200000 15.680938 16.864168
1.210000 15.695276 16.872089
1.220000 15.709376 16.879772
1.230000 15.723218 16.887409
1.240000 15.736813 16.894985
1.250000 15.750152 16.902439
1.260000 15.763235 16.909662
1.270000 15.776058 16.916796
1.280000 15.788628 16.923870
1.290000 15.800935 16.930727
1.300000 15.812984 16.937498
1.310000 15.824771 16.944126
1.320000 15.836300 16.950506
1.330000 15.847568 16.956774
1.340000 15.858557 16.962952
1.350000 15.869308 16.968945
1.360000 15.879783 16.974770
1.370000 15.889996 16.980467
1.380000 15.899959 16.985970
1.390000 15.909647 16.991373
1.400000 15.919085 16.996603
1.410000 15.928261 17.001608
1.420000 15.937181 17.006462
1.430000 15.945848 17.011196
1.440000 15.954249 17.015724
1.450000 15.962405 17.020140
1.460000 15.970302 17.024387
1.470000 15.977952 17.028465
1.480000 15.985349 17.032415
1.490000 15.992496 17.036188
1.500000 15.999393 17.039801
1.510000 16.006054 17.043266
1.520000 16.012461 17.046593
1.530000 16.018627 17.049753
1.540000 16.024557 17.052773
1.550000 16.030241 17.055660
1.560000 16.035692 17.058378
1.570000 16.040905 17.060965
1.580000 16.045891 17.063435
1.590000 16.050615 17.065723
1.600000 16.055126 17.067919
1.610000 16.059387 17.069954
1.620000 16.063417 17.071854
1.630000 16.067125 17.073408
1.640000 16.069693 17.074057
1.650000 16.069897 17.074024
1.660000 16.069899 17.074018
1.670000 16.069899 17.074020
1.680000 16.069899 17.074020
1.690000 16.069899 17.074020
1.700000 16.069899 17.074020
1.710000 16.069899 17.074020
1.720000 16.069899 17.074020
1.730000 16.069899 17.074020
1.740000 16.069899 17.074020
1.750000 16.069899 17.074020
1.760000 16.069899 17.074020
1.770000 16.069899 17.074020
1.780000 16.069899 17.074020
1.790000 16.069899 17.074020
1.800000 16.069899 17.074020
1.810000 16.069899 17.074020
1.820000 16.069899 17.074020
1.830000 16.069899 17.074020
1.840000 16.069899 17.074020
1.850000 16.069899 17.074020
1.860000 16.069899 17.074020
1.870000 16.069899 17.074020
1.880000 16.069899 17.074020
1.890000 16.069899 17.074020
1.900000 16.069899 17.074020
1.910000 16.069899 17.074020
1.920000 16.069899 17.074020
1.930000 16.069899 17.074020
1.940000 16.069899 17.074020
1.950000 16.069899 17.074020
1.960000 16.069899 17.074020
1.970000 16.069899 17.074020
1.980000 16.069899 17.074020
1.990000 16.069899 17.074020