4 2 104
Lukas Remco Sarah Vincent
12/03/20 28/05/2020 28/03/2020 28/05/1850
-0.9640948397022717 0.4859746502352753 0.31716997409224 -0.8076028354041163 0.08762050804034027 -0.5905981336327653 -0.8102196580343586 0.905125053121852
0.14669560479217947 0.893964702220089 -0.9920277547776755 0.6793181458857633 0.38101852863762087 0.9077447890759662 0.22865782921765532 0.788436429879452
-0.9915720820616656 -0.6052078191131673 -0.16078235357041737 0.6327124222141698 0.8758139113340007 0.1099456958433016 -0.8122301695939931 0.8420257866035898
-0.4779821855915731 0.6253448261415953 -0.325712147826825 0.14900697377376604 0.025983694778991984 0.4847810910428978 -0.9262829921874067 0.8014482616111593
0.4601924072310626 -0.5030801166103231 0.20969351746780496 0.9567052608762874 0.16320180590443734 0.8480737847025019 -0.07658160610999598 -0.3394367043087083
0.3705808948002749 -0.1304123210961039 0.9837370514331261 0.12842376150917212 -0.7852560616905091 0.1177450971887457 0.27711256592513767 -0.9201573280067192
0.045314755429161524 -0.9745033176057825 0.007035790492875282 -0.7578271770452374 -0.33087095579157055 0.48963292173497597 -0.219598293514204 -0.42259714870322806
-0.8759657691931291 0.5184195868771082 0.8239166524195145 0.6668993326075923 -0.5591317778386133 0.607366351327669 -0.969058594611254 -0.7434167565719543
-0.29316587269421124 -0.0571776925894143 0.2882050158066094 -0.44449462856748445 0.5426349454442481 -0.3673678874077275 -0.767659693388842 0.868397000984906
-0.08159557196692524 0.11017760631912332 -0.9830010798420401 -0.3401469201888512 -0.8326355733741535 0.017271689470995 -0.22686948925919448 -0.4297109431326356
0.25275916929805553 -0.6327661634903992 0.9972291000751847 -0.7957167929053095 0.8504357277912007 0.46193887133075084 -0.3593056479185597 -0.7185355110570535
-0.9776617530153939 -0.29823730084925937 0.041077335471174425 0.9082959494590013 -0.7341241189374978 -0.9008846570434161 -0.6292398812326292 -0.6109188841644495
0.5040586283625561 -0.45703987743355157 -0.3178619850028632 -0.07672373311876735 0.31388467793039965 -0.10223413410374249 -0.5155393994393096 -0.5168880719797821
0.9054573232138003 -0.690033861574767 -0.6957250099451386 0.5142844502420079 0.33383519810612583 0.4487111113505742 -0.4365335410589919 -0.6357188485368672
0.18304661003529854 0.2602517049170592 0.6924432279879587 -0.8360273447339468 -0.9807055383443031 -0.37525488720828615 0.8662985756801334 -0.4152980035793963
-0.5495818579921223 -0.5837044648351843 0.9049390027385145 -0.9177504502623117 -0.8943194139031698 -0.20839783032461123 0.7610660943581464 -0.1392467575052554
0.22495640895031488 0.4922779895387541 -0.33347774383360296 0.9645915506371738 0.23872505140073352 -0.9673027231133693 0.6580091548074889 0.00912372246390869
0.9901150655067741 0.8482815792908422 -0.3405234756669886 0.9364508064774859 -0.9795933921842654 -0.8367285741470547 -0.1352783786461409 -0.9579239423627268
-0.6266253795718089 -0.5817620838788187 0.7459961279075797 0.5522934023454391 0.31326748602456655 -0.14706809843721924 -0.23072198858246495 -0.8166613583919116
-0.6721329209482791 -0.6149369043104895 0.4907468438000331 -0.4243335603988274 -0.5307468332725347 0.9576072741079025 0.9706935134777757 -0.8637841104913264
0.3283815796138534 0.8070847628001572 -0.5162958283975538 -0.1980389989228084 -0.3825171340226632 -0.22416047376785753 -0.1708309154324783 0.8966937210924224
-0.7554637730754106 0.49073466941890853 0.2305726287574923 0.40219170089217227 -0.253032016869158 0.006752414742944524 -0.5831821884812691 0.032328248021815
0.17465692804453314 -0.8727954098059372 0.7391966679292177 0.5787331863824765 0.8401491082909698 0.22562790989333537 -0.671637021458823 -0.7333883151874647
0.6798445971452161 -0.08039873292345767 0.7384858866453348 0.7199140695364441 -0.2813003173762254 0.15485575177309818 0.8008449913233964 -0.08262023562399179
-0.7681422701718104 -0.9349459133934612 0.7584572321774499 0.3874809503134893 -0.4398690326238308 -0.1634163734585481 -0.7990858418672224 0.8032777738372223
-0.366635502780148 -0.8630187267720746 0.2539347576785467 0.043430991867050794 -0.35897893962865 0.7142015347005022 0.9191428711914098 0.36828535434419907
0.37972094429842373 -0.032911105487384296 -0.46816810512260276 0.0004160358640494799 -0.4448271611714585 -0.1540388852097312 0.4966117014739666 0.48724945196954317
-0.5538359663854215 -0.027736170151997364 0.35769711377213764 0.8466185504946095 -0.25010881780548044 0.770522324142279 -0.9896959660730063 -0.33961199087105665
-0.04576099862110494 0.16181338410782198 -0.48458208460353713 0.2863851317729855 -0.8945149901528666 0.3530687380184405 -0.017728345669778323 0.5373430489318161
-0.9044392542519304 0.24098303257541276 0.2950464874862133 -0.11081635688134517 0.5367426759590661 -0.6831241090044453 0.2457433302435219 0.31198085691134425
0.45939237844217273 -0.520685489825 0.5162809961095918 -0.21058203380275953 0.24756091074395936 0.19031920352920628 0.626520408960139 -0.007099777234758076
-0.14852660629484782 -0.2580639747431712 -0.03166152020012425 0.6419076842580831 0.6063213730909986 0.9203369361519216 0.581441196068653 -0.5327318788809641
0.0735391392337088 0.13295615266075012 -0.2641924769182915 -0.08906636987737371 -0.8469901490775018 -0.7798621800974632 -0.6614088464529557 -0.5714660308142043
0.5448687076057612 -0.7121916243082824 0.7877568780557946 -0.2510918602700152 0.7505724930859352 0.0006698853420983308 -0.013792894520607835 0.3780227866487984
0.33752002108781376 0.06910223010872363 0.5997855517568405 0.9251323603782056 -0.9681505788593432 0.08560914341640014 -0.18177418773905196 0.3844213374452996
0.41016516572669537 -0.6854332495937501 0.5482450324189585 0.050809484110551084 0.05696379261067097 0.7855710307849699 -0.6110284682253173 0.6011747090465096
0.3461344959114845 -0.49942429467229643 -0.31159379143857713 -0.5934377683482785 0.29112820244046556 0.7449995416387059 -0.9902973631192755 -0.5701498046690712
-0.8253677888371467 -0.45307309232691817 -0.2869754884344935 0.6883368261745595 0.5402382370708845 0.8256558860638219 -0.48496091970242894 -0.04707069521863483
-0.16988616250697652 -0.38824868416336944 -0.18565037591133793 0.6729139280341834 -0.8184162722601986 -0.1833809275834799 0.17329788741266383 -0.1341264213967257
-0.5145569726776666 -0.5897503263902679 -0.5231588515433125 0.8222555966842833 0.467842741583707 0.7379473357713278 -0.8252590634846475 -0.3425491746483622
-0.9747248474042576 0.6716745875212733 -0.018556164047239365 0.1292340734130959 -0.700057013579604 -0.15599837649340054 -0.96841108753482 -0.7869934535204139
-0.7015507922244828 0.9612080212926135 0.04984324796773332 -0.35397922679474214 0.8790165488742849 -0.9015027729936103 0.866571729846545 0.5796560290568482
0.042031564612161176 0.6050984148156247 0.9343380759316029 0.5923411920903172 -0.7751344148715993 -0.43290757080280695 -0.24314993838773558 0.01768151834760401
-0.30719243198389834 -0.744133559500336 0.49124684424045983 0.10101255785597973 -0.6013400659235859 -0.7782608653292065 0.3571054697953515 -0.2325602492762533
-0.5773164325944145 0.7190113778447711 -0.1486662296622363 -0.1496653498027456 0.2609432202146904 -0.419565461704277 -0.4851319786215813 -0.7904293912416949
-0.9770396440912275 0.27769137957755774 0.3407654921153562 -0.28387124704645084 0.05312222684179524 0.4113845341586633 0.7942093596199118 0.3491211332593027
-0.4139025546410946 -0.2024184030057874 -0.9407199554371246 -0.30753046898604275 -0.8366226030994326 0.1683574305169384 0.5444578105510745 -0.5250154667367568
-0.7110845402834964 0.62921841581333 0.5400210797636029 -0.08508293627423025 0.22222641138589228 0.10037401449396 0.5810164482137097 0.6782896155990827
0.22091282991015904 -0.5453842665004223 -0.38468944973510544 -0.6295680420438103 -0.08423398600030318 -0.0173284863641463 0.2810164074348669 -0.020515528219848145
-0.4577583329220938 -0.4573047564102841 0.7568445936592079 0.2952549339914514 0.8557335640706618 0.7367042701264559 -0.14203068209008296 0.8896992238656383
0.24471229066217148 -0.10864449035602042 -0.6026608210938866 -0.3876648324880241 -0.319514155151156 -0.07083767580618261 0.31315725514135573 -0.12397923394185173
-0.3109687166348927 0.3290710628652427 0.5758527814125176 -0.6824130623917088 -0.6148664501934387 -0.83385090511083 0.05752186326386166 0.35154809193662895
0.2345598969096261 -0.26738969302454296 -0.12366562473017861 -0.6518366141729213 -0.18292073543353315 -0.1840842050854501 0.41833322636339565 -0.5728070107638894
-0.3677436485462853 -0.13286706623576383 -0.18597913933874 -0.9958087580767849 -0.6884795080149042 -0.3568816507845325 -0.3056629859262403 -0.18262331994923842
-0.05510542200715296 0.027730473509394393 -0.2873161298285336 -0.18273118994657644 -0.9348996446068105 0.5286819095306972 0.1759745877680845 -0.5086507127581892
-0.9527731157709951 0.7492057376873857 0.361637021919212 0.7239835584533216 0.4615706424822532 0.651174565622763 0.27161800073889 -0.32275230002075417
-0.5255997441247806 -0.6147687854424897 0.8667815996558663 0.055832541915049605 -0.7861091688046116 0.9426661466448927 -0.6643940502014738 -0.2014718765521879
-0.8414158613868739 0.3240541834540216 0.9257782302676028 -0.5047620599233391 -0.1794900199723628 0.33227701088525285 0.1845099807619468 -0.3087753937885287
0.4378374853931233 -0.44214452124456116 -0.587607835809161 -0.955402957999977 0.6745156076266046 0.21655183779428988 0.029085141645459167 0.09177946444087692
0.2360934503115848 -0.6332428338132998 -0.16646455828627338 -0.31773741254096355 -0.9230300355625767 -0.35899238121480637 0.22633103185231151 0.7454806870170125
0.7093777676956656 0.8026327850292074 0.32681929571426327 0.45924336721965875 -0.04632943488675001 0.02126459376070211 -0.5175321781788664 0.11566093530974064
-0.003425296504929509 0.40011073736034475 -0.3032856503603596 -0.6800057972114149 -0.21626500180645292 -0.8163239358313541 -0.6012542023210912 -0.6734094001694679
0.2304178260666936 0.6582550453997313 -0.59587842109603 -0.3008607957228282 -0.8153091824398362 0.2892047738065402 0.7841988178007131 -0.015531009999566026
-0.8262601639992033 0.15006330927930445 0.3670722618049107 -0.878772065910963 -0.5157568046164294 0.0902246100694406 -0.5150407348915089 0.6405818054104087
-0.9878119856675356 -0.19483172176600605 0.23152427277576404 -0.7541035914719951 -0.2426056252590454 -0.5974708789217471 -0.8834397099758231 0.6842086770587295
-0.5535089751556617 0.5916806341098522 -0.7520167814162246 -0.2422849072507478 0.9457424423810581 -0.6539437676428967 -0.04728476705050788 -0.4727769803433943
0.2983842182459915 0.13828747149227993 -0.16097226987626745 -0.6079578516572701 0.5613853345464583 -0.4822558375953745 -0.6780332307184003 0.7558115836399384
-0.8846168681940487 0.708811591984446 -0.7650788787567928 -0.8795780842610494 -0.7338464487822627 0.2466249533742204 -0.18727131193307023 0.4630620947435211
0.8860644148512249 -0.10872479443410521 -0.5158323598380634 0.737931444698634 -0.788471838971951 0.374522296040094 0.48231371543479606 0.6630002599952054
-0.21420977828113053 -0.7169416513490676 -0.2721973962193145 -0.3860852193190576 0.9954399458247842 0.7773785210289454 0.10818198482192942 -0.4672756821912003
0.874567702719679 0.03654753494741936 0.8985634181221995 -0.6549421735376095 0.6669482657205803 -0.6776142449920475 -0.5311788381664633 -0.23869996240490954
-0.5502057630473589 -0.9649632432752726 -0.28179746038878295 0.5834133627805329 0.3546075964912361 -0.32278797975119433 0.15479465629436695 0.7731679155688225
0.22583993013667558 -0.8185358499466895 -0.8480284092486938 -0.32970010725532317 0.16415512180600556 0.08759265788850046 0.7236782685775642 -0.848941731470795
-0.35112132184664335 -0.990260406000667 0.8304042570376029 -0.3524944190960235 0.9409547060151187 0.8233434863540599 0.721037261481666 0.7843098024768309
-0.13715878826275874 0.5030093686463906 -0.8985394030247809 0.87568867852832 0.2241324439236012 -0.3047462455493586 0.9962193793312974 -0.5084721813316475
-0.26048282420767466 -0.19062487922078875 -0.01357486323194479 -0.1425938272069518 0.5279780931993268 0.5604226330062569 -0.2785814332720762 0.3291593131934585
-0.3360667506343531 0.1828634141836487 0.08760720393379184 0.13034595077089928 -0.2386768446120633 -0.5183788480757126 -0.8161074934701631 0.7268472847426191
-0.7725997502800268 0.6382866410963022 -0.13411884597155144 0.46518722143913993 -0.7746153576603438 -0.4321224648497912 0.8464885543763658 0.7048660985797846
-0.7566339650898399 -0.1559167567716071 0.44446784859366417 -0.767247866770467 0.47716584470197043 0.12984777553436033 -0.5648731514917504 0.4089977212182052
-0.6552609681914972 0.06518892941689125 0.8101883273725148 -0.8098742540994393 -0.025545836974592673 0.776225734742042 0.7856707491583683 0.5766345816212703
-0.8252282538512126 0.17183974813979086 0.4183564759369902 -0.9626450867485605 0.8224619289071831 0.9434686399104468 0.9155504358018032 0.01701216022026486
0.13083899485007922 0.07874056547095432 0.9840176042536037 -0.9820527941790684 0.11728238597465923 0.5306662707269783 -0.0713595542844101 -0.840590548047887
-0.9252872817626105 0.24655733356070497 0.0368867634790222 -0.48233919847285334 0.2837629777947881 -0.7505411077244191 0.08785233713854246 -0.8759248044855559
0.6923875885450332 -0.01558202432112532 0.30263518961991354 -0.9949983460569543 0.43046967121051116 -0.8484058535098518 -0.9710754876898366 -0.24403443236504674
-0.5822797432272169 0.6181500310217862 -0.3837602940320801 0.5488748750989576 -0.24807737567724408 -0.4649420727457043 0.6845947297571644 -0.16098460552979033
-0.6753917448795523 0.5290007182166419 -0.322631814977556 0.48860976091639263 -0.026498632688441104 0.7073365658503139 -0.7320461131570921 0.4033094209513348
0.6846497824771589 0.6251501234015036 0.8406781977106421 0.8720956413744096 -0.7156508765377643 0.5993791771111292 -0.5965361702097038 -0.4380133991234827
-0.6690044452486918 0.2365973232862293 0.8249576147060538 0.6177319041282512 -0.2901913171478856 0.8023918038754931 0.12025037100685809 0.31838434292006434
0.4377541273104466 -0.09219776094452836 0.7663523894325348 -0.9055541868379049 -0.6309833162314908 0.32504206530096735 -0.9350093569682998 -0.1693859876594077
0.41269288516670954 -0.05642400946696391 0.949040260841413 -0.8560392632361442 -0.04842193125354566 -0.5904947995330265 0.11137937010964527 -0.1590563382732748
0.8699469058834963 -0.3434279686431374 -0.8773266856141171 0.873361337874317 -0.9067637621068934 0.8761702725368641 0.0045527177565412025 -0.1512856446374824
0.4196485045574152 -0.6757016274350369 0.7771813624053117 0.3793319253585863 0.10711241865301657 0.741761586307863 0.2855879829527592 -0.06803425869277646
-0.4432838307603426 -0.032674759918609686 -0.9964237724351368 0.5078986427317265 -0.20694800516673428 0.551024513460477 0.655419116767685 -0.08585186236854381
0.6956012906628652 -0.39941507774954954 -0.06143107441502971 0.0457261552106798 0.9321815024482729 -0.16677786253168825 -0.543104276957928 0.22401779248113884
-0.2611395678886681 -0.7381238905199718 -0.8753698470730047 -0.08624530691022625 -0.402876557654553 0.16490204914371653 -0.5778013275900054 0.7707743533286937
-0.22410765091225593 0.8718454823265349 -0.05102777360119193 -0.8380991913257243 0.417297874047875 0.9592163554590283 0.24942643382195762 -0.09467359741956627
0.0029244739570541967 0.06277415653258123 -0.2987496282870812 -0.8073601023200812 -0.7226106565031345 -0.8711086008782987 -0.5332845737651306 0.7374365290157596
-0.11561313328846334 -0.43737298420028914 -0.10497280803450315 -0.8829776981289783 -0.33867790257659935 0.3715950676049198 0.09165294283288428 -0.5549640511592231
-0.028908106678288137 -0.9416405002208028 0.0061504690578608745 0.682700600531672 -0.1630389957012115 -0.7508204170972614 -0.5885623548895156 -0.545821050924054
0.43301634962506497 0.3866246011781469 -0.7029305309507974 0.401649939920111 -0.6647837046115486 -0.4529469838988822 0.14252500336361584 -0.31652941021388115
-0.092699969871052 0.6571722309140751 -0.6454857873059843 0.01995885723249624 0.23375297681336993 -0.7649026494611051 0.20142438841968047 -0.7814720868639358
-0.27126846591482545 -0.9593277358929537 -0.7790300529105731 -0.3710801917935791 -0.10068833611414507 -0.18164693466675375 0.8924015478562428 0.6427846536703334
-0.46130116392045295 -0.8029074837819412 -0.6841943949300546 0.7438096777822101 -0.08438414515147907 -0.6495939668358206 0.48796039240417843 0.6131374920537522
-0.2973042641921382 0.2776025560526356 0.4698053443913399 -0.35297777337035763 0.15426203143217276 0.14678539827413695 0.7919917991250298 -0.07774960481065141